Histogram for a run of 1000/10000 MAX iterations
    filename is 180211-001158-02-Mandelbrot.txt
    Size is 800*800
    Center is (-0.455, -0.57) scale is 0.0025
0		3329
1		109355
2		95757
3		47047
4		38864
5		23890
6		19175
7		13524
8		10923
9		7963
10		6752
11		5073
12		4504
13		3500
14		3150
15		2623
16		2333
17		1942
18		1791
19		1559
20		1464
21		1221
22		1140
23		1024
24		921
25		851
26		799
27		744
28		669
29		565
30		600
31		548
32		518
33		493
34		432
35		351
36		412
37		374
38		365
39		324
40		347
41		259
42		292
43		280
44		272
45		220
46		240
47		192
48		233
49		186
50		190
51		202
52		155
53		167
54		178
55		139
56		169
57		114
58		138
59		142
60		150
61		119
62		141
63		139
64		122
65		105
66		118
67		100
68		114
69		109
70		88
71		90
72		116
73		87
74		111
75		87
76		92
77		70
78		83
79		81
80		98
81		77
82		84
83		59
84		67
85		64
86		60
87		63
88		64
89		59
90		62
91		56
92		60
93		63
94		49
95		45
96		44
97		55
98		50
99		47
100		36
101		60
102		51
103		38
104		47
105		48
106		31
107		49
108		29
109		38
110		38
111		47
112		47
113		38
114		44
115		48
116		38
117		39
118		38
119		43
120		31
121		26
122		25
123		34
124		23
125		33
126		33
127		34
128		27
129		28
130		25
131		28
132		27
133		23
134		23
135		25
136		22
137		25
138		24
139		20
140		15
141		25
142		19
143		24
144		30
145		24
146		19
147		24
148		23
149		36
150		25
151		20
152		25
153		14
154		25
155		25
156		27
157		20
158		18
159		15
160		24
161		14
162		24
163		21
164		11
165		15
166		23
167		26
168		17
169		18
170		27
171		17
172		9
173		11
174		25
175		22
176		19
177		13
178		20
179		14
180		16
181		14
182		17
183		13
184		14
185		4
186		15
187		12
188		18
189		12
190		13
191		15
192		11
193		11
194		10
195		15
196		19
197		9
198		9
199		11
200		12
201		15
202		11
203		8
204		14
205		10
206		10
207		13
208		15
209		8
210		10
211		9
212		8
213		12
214		7
215		16
216		8
217		7
218		15
219		11
220		7
221		9
222		12
223		9
224		10
225		12
226		12
227		5
228		2
229		0
230		14
231		9
232		12
233		11
234		6
235		11
236		15
237		5
238		7
239		13
240		12
241		6
242		4
243		6
244		8
245		6
246		4
247		11
248		5
249		3
250		8
251		12
252		9
253		11
254		10
255		2
256		7
257		6
258		13
259		7
260		12
261		4
262		12
263		6
264		7
265		6
266		9
267		5
268		8
269		2
270		10
271		6
272		6
273		4
274		6
275		8
276		5
277		12
278		9
279		2
280		5
281		8
282		6
283		2
284		3
285		13
286		6
287		7
288		7
289		6
290		7
291		5
292		7
293		5
294		9
295		7
296		5
297		9
298		2
299		9
300		6
301		2
302		5
303		4
304		5
305		8
306		6
307		7
308		9
309		1
310		6
311		5
312		0
313		1
314		10
315		4
316		4
317		5
318		3
319		2
320		5
321		2
322		1
323		10
324		3
325		3
326		8
327		6
328		0
329		2
330		2
331		2
332		5
333		0
334		5
335		2
336		4
337		4
338		4
339		1
340		4
341		8
342		9
343		1
344		5
345		5
346		8
347		5
348		1
349		1
350		2
351		4
352		4
353		5
354		8
355		3
356		8
357		4
358		5
359		1
360		5
361		5
362		0
363		0
364		0
365		1
366		1
367		4
368		1
369		2
370		2
371		3
372		2
373		0
374		3
375		2
376		2
377		5
378		2
379		0
380		7
381		2
382		3
383		3
384		4
385		2
386		2
387		2
388		3
389		6
390		0
391		6
392		2
393		1
394		6
395		5
396		5
397		7
398		2
399		1
400		6
401		1
402		2
403		3
404		5
405		7
406		4
407		2
408		6
409		4
410		3
411		0
412		3
413		5
414		1
415		3
416		2
417		6
418		4
419		4
420		2
421		5
422		4
423		0
424		3
425		1
426		1
427		2
428		0
429		4
430		1
431		4
432		3
433		0
434		0
435		0
436		3
437		2
438		3
439		2
440		2
441		1
442		3
443		0
444		0
445		2
446		1
447		2
448		0
449		0
450		1
451		0
452		0
453		2
454		1
455		2
456		0
457		0
458		0
459		2
460		3
461		3
462		0
463		0
464		5
465		2
466		3
467		1
468		2
469		3
470		0
471		4
472		2
473		1
474		1
475		5
476		6
477		3
478		2
479		3
480		2
481		0
482		0
483		1
484		3
485		0
486		0
487		4
488		1
489		1
490		3
491		0
492		2
493		3
494		1
495		1
496		1
497		0
498		3
499		4
500		0
501		1
502		4
503		2
504		3
505		1
506		5
507		0
508		0
509		0
510		1
511		0
512		2
513		0
514		0
515		1
516		1
517		3
518		1
519		2
520		1
521		4
522		2
523		1
524		2
525		0
526		3
527		2
528		2
529		0
530		2
531		0
532		0
533		1
534		1
535		2
536		5
537		0
538		0
539		1
540		3
541		5
542		0
543		2
544		4
545		0
546		2
547		0
548		3
549		1
550		0
551		2
552		2
553		3
554		2
555		2
556		0
557		4
558		1
559		1
560		0
561		2
562		1
563		2
564		0
565		0
566		0
567		0
568		0
569		0
570		3
571		3
572		0
573		1
574		4
575		0
576		2
577		0
578		3
579		3
580		2
581		0
582		1
583		1
584		0
585		0
586		2
587		0
588		0
589		3
590		0
591		2
592		1
593		2
594		0
595		1
596		0
597		1
598		4
599		0
600		3
601		0
602		1
603		2
604		3
605		1
606		1
607		2
608		4
609		2
610		0
611		0
612		1
613		0
614		3
615		1
616		0
617		0
618		4
619		0
620		0
621		2
622		0
623		1
624		2
625		2
626		0
627		0
628		5
629		0
630		0
631		1
632		2
633		1
634		0
635		4
636		0
637		0
638		0
639		5
640		0
641		2
642		0
643		0
644		0
645		2
646		0
647		2
648		0
649		0
650		2
651		3
652		3
653		0
654		2
655		3
656		0
657		0
658		0
659		2
660		1
661		2
662		0
663		2
664		0
665		2
666		3
667		2
668		1
669		2
670		0
671		4
672		0
673		1
674		0
675		2
676		4
677		0
678		3
679		0
680		2
681		0
682		0
683		0
684		0
685		0
686		3
687		0
688		0
689		2
690		3
691		0
692		0
693		0
694		2
695		0
696		3
697		0
698		1
699		2
700		0
701		1
702		4
703		2
704		1
705		2
706		1
707		2
708		0
709		2
710		0
711		0
712		0
713		0
714		3
715		1
716		2
717		1
718		2
719		1
720		0
721		2
722		0
723		0
724		2
725		0
726		1
727		2
728		0
729		1
730		2
731		0
732		2
733		0
734		2
735		0
736		0
737		1
738		2
739		0
740		0
741		0
742		0
743		2
744		1
745		1
746		0
747		0
748		1
749		2
750		0
751		0
752		0
753		3
754		0
755		1
756		1
757		1
758		1
759		0
760		0
761		0
762		0
763		0
764		0
765		4
766		2
767		3
768		0
769		0
770		2
771		3
772		0
773		0
774		0
775		0
776		0
777		1
778		0
779		0
780		1
781		2
782		0
783		0
784		1
785		0
786		1
787		1
788		0
789		0
790		0
791		0
792		1
793		0
794		2
795		0
796		2
797		0
798		3
799		0
800		0
801		0
802		0
803		0
804		0
805		1
806		0
807		2
808		0
809		3
810		0
811		1
812		4
813		3
814		0
815		0
816		0
817		0
818		3
819		0
820		0
821		1
822		0
823		0
824		1
825		1
826		1
827		2
828		2
829		2
830		0
831		0
832		4
833		0
834		0
835		0
836		0
837		0
838		0
839		0
840		0
841		2
842		0
843		0
844		0
845		0
846		0
847		0
848		0
849		0
850		0
851		0
852		2
853		0
854		0
855		1
856		1
857		0
858		2
859		0
860		0
861		0
862		0
863		3
864		0
865		0
866		0
867		1
868		0
869		0
870		0
871		0
872		0
873		0
874		0
875		0
876		0
877		0
878		0
879		0
880		2
881		0
882		0
883		0
884		0
885		2
886		0
887		0
888		2
889		0
890		0
891		0
892		0
893		0
894		0
895		0
896		0
897		0
898		0
899		0
900		0
901		0
902		0
903		0
904		0
905		1
906		0
907		0
908		0
909		0
910		1
911		0
912		0
913		0
914		0
915		0
916		0
917		1
918		0
919		0
920		1
921		0
922		0
923		0
924		0
925		0
926		0
927		1
928		0
929		0
930		0
931		1
932		0
933		0
934		2
935		0
936		0
937		0
938		1
939		0
940		0
941		0
942		1
943		1
944		0
945		0
946		0
947		0
948		0
949		1
950		0
951		1
952		1
953		0
954		0
955		0
956		0
957		0
958		0
959		0
960		2
961		2
962		0
963		2
964		2
965		0
966		0
967		0
968		1
969		0
970		0
971		0
972		0
973		0
974		0
975		0
976		1
977		0
978		0
979		0
980		0
981		0
982		1
983		4
984		1
985		0
986		0
987		0
988		1
989		1
990		2
991		1
992		2
993		4
994		0
995		0
996		0
997		2
998		1
999		0
1000		211380

total of 640000 values
